yasser 1 1 299638 
yat 1 4 1412786 1412825 1413008 1423485 
yate 1 33 57881 323298 667757 667888 717567 726036 726045 728153 855688 910260 990808 990926 1479466 1688749 1855736 1856468 1856603 1857131 1857514 1857567 1858321 1858573 1858674 1858875 1858925 1858989 1988788 1993302 1993938 1995701 2000215 2000851 2022767 6 3 1162 5661 6291 
yatra 1 1 780294 
yatsko 1 3 135747 135799 363100 
yau 1 2 521966 1961624 
yaum 1 1 1641158 
yaw 1 1 970638 
yaz 1 2 2071405 2071408 
yazti 1 2 1994197 2001110 6 1 6549 
ybc 1 2 1327553 1327634 
ybrant 1 13 552210 552350 552365 854159 1085756 1086572 1086805 1086820 1086827 1086847 1086918 1086933 1086972 
ybrid 1 1 830273 
yc 1 1 985829 
ycce 1 1 109513 
ychart 1 3 884774 1226189 1226197 
ycombin 1 4 630362 630412 801948 801952 
ycorpblog 1 1 2061761 
ye 1 352 41488 45730 50064 51349 56898 149665 156668 156694 172604 180533 180567 182202 182243 333707 333708 333709 333711 333719 333720 333721 333730 333731 333732 333741 333747 333748 333749 333751 333757 333758 333759 333761 333767 333768 333801 333802 333803 333805 333807 333809 333810 333811 333813 333815 333821 333822 333823 333826 333828 333830 333834 333836 333837 333838 333839 333840 333844 333845 333847 333849 333852 333854 333855 333856 333861 333863 333869 333871 333878 333879 333885 333886 333887 333891 333895 333896 333897 333899 333901 333903 333904 333905 333906 333907 333909 333930 333931 333932 333933 333934 333935 333937 333938 333939 333940 333941 333946 333947 333948 333949 333950 333951 333955 333956 333957 333958 333960 333964 333965 333966 333973 333974 333975 333976 333978 333979 333981 333982 333984 333985 333990 333991 333992 333993 333994 333995 333999 334000 334001 334002 334003 334152 334153 334154 334165 334166 334167 334168 334178 334179 334180 334201 334202 334203 334213 334214 334224 334225 334239 334242 334243 334244 334292 334293 334294 334297 334298 334299 334300 334304 334311 334312 334313 334318 334319 334320 334321 334326 334327 334328 334329 334331 334332 334333 334338 334339 334340 334341 334345 334346 334347 334348 334350 334351 334352 335077 335092 335101 335177 335182 335188 335198 335204 335208 335216 351268 351776 352052 352091 352121 352167 352291 353291 355333 355911 472864 474387 474398 474869 474885 474896 475302 475369 475391 475468 475755 509159 597539 597697 597738 628894 718462 778880 791065 793295 793314 805654 805666 806225 806242 807499 817316 817325 817345 817376 817443 817450 817461 817477 817484 817517 817533 817559 924967 1033702 1033704 1033705 1033727 1033735 1033736 1033749 1033775 1033776 1033779 1033803 1033806 1033833 1033834 1033855 1033857 1033858 1033889 1033909 1033911 1033932 1033934 1033958 1033960 1033979 1033982 1034004 1034006 1034037 1034039 1034040 1034071 1034096 1034098 1034119 1034123 1034145 1034149 1034150 1034186 1034187 1034223 1034225 1034226 1034261 1034265 1070833 1077836 1077862 1109601 1116604 1116630 1283454 1288079 1288507 1297505 1376938 1377054 1377432 1377453 1377532 1436425 1436610 1473554 1568391 1568410 1582678 1582819 1663710 1699404 1714930 1740245 1740265 1749785 1769886 1780748 1782646 1791045 1838440 1895028 1978803 1979004 1987237 1987238 1987247 1987248 1987255 1987256 1987263 1987275 1987276 1987283 1987284 1987292 1987293 1987301 1987302 1987310 1987311 1987318 1987323 1987324 2028326 2030579 2036326 2047514 2064710 2069739 3 1 7919 
ye2nehok1lvfc7tbyvho0i 1 1 205063 
yea 1 3 924501 1912688 1912724 
yeager 1 1 566628 
year 1 1510 138 163 182 349 356 1910 2344 3750 4172 4247 5583 5653 5776 6122 6212 7430 8780 10316 11871 12572 12647 13983 14053 14176 14522 14612 15830 17180 18716 20271 21345 21408 21415 21429 34030 34943 37216 50132 50849 54709 56679 57288 58256 58300 58323 59274 59379 59793 59820 61679 61976 64646 67776 68781 69100 69295 69414 69988 70214 71881 73166 76269 76498 76504 77458 80094 80180 80432 83574 85344 86323 86517 87775 87816 93805 97380 104506 108888 108990 108996 109010 109016 112861 116153 119445 122736 123858 123876 123942 124178 124192 124927 125035 125668 125914 125942 128659 129381 129411 129846 131724 136562 136666 141117 145993 149691 150621 150655 150785 150797 150799 151785 155995 163042 168978 171267 172716 172818 173058 173866 173990 174462 174597 187831 188200 188529 189309 189524 192978 193356 193768 194295 195044 196266 197175 198161 198199 198214 198527 199002 199475 201466 202244 203783 204238 206242 207033 208200 208221 209330 210308 210331 211687 211724 217297 217309 217348 218172 219482 222066 222723 224289 224964 225665 226126 226761 227636 227807 227830 228282 228533 229042 229168 229244 230320 231913 231959 232428 232435 232448 233163 235955 235961 236943 237141 237413 237428 237595 238227 244390 244829 247021 248645 248654 248668 248697 249946 249978 250307 250490 250634 250636 250746 251127 251299 251337 251412 251441 254334 256019 256256 257526 258201 258626 258836 258854 258910 258924 259179 260064 260079 260093 260227 260410 260477 260512 260663 260899 261200 261359 262108 262740 269597 270055 274641 276890 280725 281917 282745 282897 282935 283215 283223 283235 283280 285016 285242 285850 285852 286052 286785 298084 301251 301554 302308 303019 309666 315228 315421 315808 322983 326818 326842 332869 333355 334759 339239 341697 345205 345238 356199 364270 366653 373370 373384 374095 374331 374405 385713 385868 389141 395602 401543 405680 408875 418195 420346 422900 425856 426205 428200 429679 434805 436819 436933 439464 441074 441541 446298 446429 447186 452836 453191 453217 453519 456508 460315 460476 460510 462031 466765 466834 467648 467950 468169 468566 469202 470710 472634 484571 496555 496568 496580 503861 504091 504377 507824 510343 523398 528649 528674 533052 536309 536313 543982 545855 545859 557574 558923 563447 564211 567417 571193 573733 576239 577203 577223 577361 577382 583415 597218 597228 597243 598403 601112 603877 604023 606063 611329 613702 614063 615329 615954 616055 616370 617446 617515 618303 618415 618491 621071 621350 621741 621914 622024 622125 622895 622966 623345 623482 626858 626921 628463 632969 636091 637938 638697 638929 638956 638978 639483 639982 639995 640052 640132 641731 645842 645953 649992 650014 650018 651921 651945 651967 652013 652754 652782 652794 653163 653923 654017 654082 655078 655744 656404 656708 656739 656760 656770 656795 656852 656887 658865 660108 660215 662590 663227 663785 666666 666883 667000 667097 668290 670200 670247 670487 670516 670988 671027 671093 671171 671518 671630 672818 673955 673998 674002 674006 675069 676913 677885 678061 678889 681961 681974 681986 685715 685735 686321 686570 688777 690658 690913 690928 691509 692107 692137 693437 697023 697457 697482 698409 698439 699940 701099 713810 716616 716656 717554 717668 718747 719595 720631 731823 745361 745585 754421 754652 762250 763573 763593 763816 767521 769821 775129 775401 776196 778558 778703 778757 778908 782002 782187 782211 782214 782603 782839 782969 783019 783708 784170 784200 785338 785464 785731 785857 786477 786639 787003 787563 788401 790083 791419 794865 796783 798879 808196 808486 809409 809947 813364 813381 815874 817233 819863 822271 822449 831328 832735 836207 846752 847365 847386 849586 850927 852184 852264 852272 853407 853802 859212 859256 859917 865816 865839 866384 866424 866457 871781 872118 873938 876866 877035 877124 879181 879660 879817 879957 880423 880530 880873 881227 881322 881351 881385 881434 881450 881475 881749 881928 883077 884142 884282 884303 886799 888641 888948 888955 889499 889554 895312 895572 896287 896404 896523 896790 896912 897201 897905 898047 898388 898719 898725 898888 898962 899019 899080 901681 911935 913134 914777 924429 924449 924483 925718 929405 929446 930921 936284 937795 939373 941351 941408 941839 941892 942015 942042 942351 942362 943627 945297 952860 954024 954096 956183 957230 960205 960864 963019 963213 963353 966479 971713 980914 980974 983232 983434 986643 989521 992382 992831 993950 995107 995247 999233 1004630 1004810 1006825 1006853 1006858 1007033 1007165 1008455 1008697 1010241 1011637 1014681 1014704 1014883 1015154 1015777 1015846 1016385 1017307 1017852 1025752 1029624 1030789 1037019 1037569 1038509 1040465 1049770 1053911 1053918 1056254 1058546 1059709 1059756 1060250 1067982 1068623 1070859 1071789 1071823 1071953 1071965 1071967 1072953 1077163 1080247 1084211 1085497 1085796 1085960 1086047 1086452 1088332 1088654 1089033 1089513 1089552 1090140 1090327 1090958 1092398 1092579 1092885 1093825 1094007 1094061 1094202 1094427 1094487 1094511 1094922 1095959 1095961 1095988 1096739 1096844 1096863 1097296 1098013 1098316 1098749 1099705 1103740 1103897 1104283 1106331 1106372 1107017 1107035 1107123 1107441 1109627 1110557 1110591 1110721 1110733 1110735 1111721 1115931 1122104 1122151 1122391 1122420 1122892 1122931 1122997 1123075 1123422 1123534 1125431 1126826 1128321 1128460 1128674 1129102 1129743 1132946 1133605 1135016 1135055 1135643 1135830 1136461 1137901 1138082 1138388 1139328 1139510 1139564 1139705 1139930 1139990 1140014 1140425 1141462 1141464 1141491 1142242 1142347 1142366 1142799 1143516 1143819 1144247 1145203 1149238 1149395 1149781 1151829 1151870 1152515 1152533 1152621 1152939 1155729 1157197 1162807 1164178 1164387 1164411 1167160 1169470 1170589 1170621 1170677 1171535 1172239 1172245 1172335 1172355 1173672 1174886 1175233 1175352 1175519 1175750 1175925 1176266 1176297 1176312 1176533 1176667 1176710 1177349 1177601 1178670 1178828 1179673 1180231 1180400 1180441 1180545 1180683 1180696 1180707 1180813 1180879 1180895 1181080 1184019 1184034 1184925 1191215 1191230 1191241 1191254 1191586 1191603 1193092 1198344 1198688 1199969 1200671 1200680 1201495 1201500 1202581 1204622 1205219 1205274 1205522 1205557 1205646 1209503 1217982 1218064 1218078 1221901 1222501 1223342 1224641 1224741 1224862 1224874 1224908 1224929 1225100 1225190 1225213 1226693 1226708 1228574 1229113 1230552 1231261 1231455 1235060 1237894 1239214 1239219 1239232 1239328 1239630 1239879 1240708 1240954 1242956 1242957 1243192 1243205 1243217 1245333 1245376 1245482 1245645 1246078 1246262 1246529 1247205 1247963 1249627 1249655 1268764 1268785 1268791 1268811 1269496 1270578 1271277 1271289 1271293 1274257 1275339 1276038 1276050 1276054 1276981 1278489 1279299 1280690 1281106 1286637 1286663 1294000 1294046 1294380 1294511 1295777 1296452 1296509 1297821 1297979 1298001 1298826 1299013 1299182 1300477 1300636 1302124 1302624 1303682 1313153 1315954 1316385 1316461 1317919 1318646 1328145 1329960 1329967 1329979 1332290 1334120 1334270 1336207 1337302 1338532 1339801 1340024 1344221 1349802 1354727 1355299 1356755 1357352 1357388 1357423 1357431 1357729 1358950 1358974 1364247 1365185 1372534 1374028 1374648 1378785 1388457 1395041 1395078 1401451 1402167 1410887 1411162 1411222 1411297 1411850 1412159 1412464 1412678 1412713 1412755 1413533 1413884 1414957 1415822 1416905 1417184 1418849 1419526 1419963 1420043 1421008 1421498 1421564 1421766 1421784 1421799 1422264 1422320 1422681 1423212 1423257 1423280 1423293 1423330 1423430 1423700 1423706 1423790 1423874 1424915 1425651 1427351 1428124 1428146 1428972 1429030 1429508 1430954 1433011 1434233 1434445 1434497 1434856 1436531 1436952 1438772 1442223 1443474 1443825 1444288 1445438 1447996 1453345 1453723 1454777 1457829 1459227 1459677 1459692 1459711 1459880 1460288 1460299 1461067 1461423 1470349 1470361 1470378 1472556 1475908 1475964 1481799 1482736 1482951 1484465 1488958 1489367 1489535 1489552 1489638 1489672 1490218 1490402 1492337 1499081 1500120 1502310 1502356 1503539 1510529 1515832 1517954 1519302 1521997 1522012 1524159 1525377 1525785 1526333 1526380 1526402 1526636 1527677 1528563 1528629 1528688 1529189 1531868 1533690 1533986 1541144 1541168 1541776 1541821 1550293 1556745 1558221 1558468 1564491 1564561 1566160 1566260 1568319 1568516 1568532 1569355 1569907 1594604 1603175 1603221 1603244 1603344 1603520 1604924 1605022 1612344 1615761 1617598 1619238 1626364 1626390 1627301 1627705 1628251 1629297 1630445 1630958 1631238 1631627 1631998 1632107 1633563 1633999 1634475 1634822 1634941 1637117 1637143 1637161 1638269 1638278 1638284 1638303 1638309 1638473 1638515 1641014 1641064 1641514 1641653 1641843 1641888 1641898 1642099 1642101 1644264 1644497 1644528 1645368 1648175 1651006 1652145 1652975 1656607 1656755 1657270 1657495 1657685 1657691 1657743 1657753 1657760 1657780 1657805 1657837 1658381 1658619 1661385 1661766 1661861 1663695 1667905 1669340 1669798 1676956 1677032 1677104 1677182 1677381 1677407 1677926 1678035 1678288 1678310 1678563 1678836 1678860 1679002 1679919 1679957 1680003 1680870 1690879 1691289 1693636 1715673 1721332 1721453 1721573 1724068 1724078 1724112 1724237 1724296 1724304 1724319 1724410 1724435 1729447 1731450 1732507 1733717 1734921 1735710 1736725 1738999 1749800 1754911 1755007 1755750 1756496 1757358 1757790 1759293 1759375 1760088 1760523 1760529 1760548 1766775 1769597 1769671 1770033 1777739 1779135 1779146 1785317 1793764 1795196 1795822 1796138 1796307 1796374 1796457 1796529 1796591 1796677 1796746 1796811 1796900 1796974 1797088 1797305 1797424 1797571 1798052 1798804 1800640 1800857 1801629 1801641 1802229 1802351 1804634 1804917 1805772 1805973 1807445 1807632 1808428 1808466 1810396 1810613 1810617 1812081 1820548 1820801 1821064 1821252 1821338 1827460 1827538 1833113 1837592 1840588 1840631 1840648 1841034 1841077 1841724 1842068 1843343 1843446 1843490 1846918 1847017 1847646 1848002 1849171 1849189 1851214 1852075 1853916 1854851 1855109 1855296 1855501 1855874 1856748 1857411 1857807 1858516 1858820 1858866 1858982 1859520 1859800 1860134 1862936 1863403 1864059 1869872 1875854 1878744 1879661 1880744 1881039 1882123 1884641 1885526 1893785 1894512 1894584 1895039 1895624 1897098 1899305 1902117 1902223 1902273 1902445 1903412 1903431 1904172 1905653 1905708 1905717 1905790 1906159 1906192 1906387 1906949 1907026 1907401 1907469 1909236 1910542 1911014 1911052 1911268 1911288 1911302 1911702 1912906 1913064 1914663 1914755 1914797 1914827 1915086 1915096 1920302 1920644 1922504 1923056 1928056 1928858 1928864 1928867 1928886 1928891 1928905 1928910 1928917 1928921 1930711 1931150 1931626 1931929 1932118 1932194 1933579 1933634 1933837 1934052 1934570 1937261 1938641 1939679 1951709 1951836 1951873 1952965 1953347 1953561 1954352 1954461 1955927 1956545 1956696 1957532 1957661 1968493 1968513 1969241 1971971 1972260 1974233 1975479 1977435 1978260 1978270 1978280 1978363 1978388 1979258 1982841 1984048 2006586 2011855 2013578 2017804 2018800 2033035 2036350 2036679 2036802 2036848 2038824 2040012 2040140 2044699 2047490 2047506 2047522 2053815 2054177 2054196 2057043 2057117 2058796 2058891 2059011 2059516 2059738 2059824 2060072 2060608 2060660 2064381 2066899 2067162 2069433 3 7 1031 1064 5708 6294 6402 6746 6806 4 2 736 738 7 1 1225 8 2 155 1136 
yearbook 1 8 249654 1297344 1414300 1426228 1679524 1815918 1933726 1965367 
yearend 1 2 10340 18740 
yearli 1 22 124204 366562 366588 366597 366605 366615 366627 430049 616430 804525 995226 1224877 1267052 1439453 1439682 1443996 1526028 1605442 1678671 1678688 1797866 1914814 
yearn 1 1 1809341 
yeast 1 3 467716 495514 758669 
yebol 1 35 1070149 1070702 1292466 1292467 1292483 1292518 1292532 1292901 2018000 2058401 2069732 2069733 2069736 2069762 2069783 2069818 2069832 2069863 2069886 2069917 2069941 2069963 2070009 2070045 2070094 2070100 2070128 2070159 2070189 2070257 2070326 2070356 2070366 2070378 2070394 8 1 351 
yed 1 1 1234559 
yegg 1 5 1339305 1339890 1340855 1340867 1340872 
yeh 1 1 2059340 
yehei 1 1 1069668 
yehuda 1 1 443246 
yejfpoysudif1cubl5s5jbzs7m8 1 1 389631 
yekaterinburg 1 4 1635806 1637527 1637555 1642721 
yelang 1 1 1426899 
yelavich 1 1 1766565 
yellin 1 1 1005703 
yellow 1 42 1890 2163 6817 15217 26498 27514 189885 199249 235061 253202 459967 469679 656136 656151 755345 763173 844403 844422 910838 1080265 1080842 1081170 1081173 1086722 1124394 1409714 1409761 1409784 1409814 1411069 1414730 1414784 1422456 1436887 1437012 1499929 1570919 1699922 1904488 1939155 1967192 1984095 
yellowe 1 1 2017887 8 1 238 
yellowfin 1 1 218705 
yellowjacket 1 2 253815 263046 
yellowle 1 1 878157 
yellowpag 1 6 10198 10201 18598 18601 1978696 1978701 
yelp 1 3 452494 1866652 1966074 3 1 3424 
yeltsin 1 2 1630590 1630901 
yemen 1 10 402432 891511 1437340 1437640 1437644 1649629 1850722 1852948 1884099 2046746 
yen 1 3 143728 791498 810095 
yengi 1 1 1410524 
yenisei 1 1 1633286 
yent 1 1 2025795 
yeoman 1 1 1387276 
yeong 1 1 741398 
yerevan 1 5 657964 1248220 1254161 1254164 1256179 
yergeau 1 1 2047538 
yerk 1 1 79072 
yershov 1 1 1639090 
yersin 1 1 1195208 
yersinia 1 1 454881 
yersiniophag 1 1 462827 
yerxa 1 2 1437815 1650368 
yeshiva 1 1 1187718 
yeshwantrao 1 1 109508 
yesterdai 1 7 583277 916480 1809262 1838562 1847150 1904055 1926671 
yet 1 145 21383 21637 23048 26466 34545 105068 135333 175912 180562 180644 265990 266961 283831 315564 315812 355934 356324 358799 386051 408675 414207 414376 438408 446507 471289 491515 516957 520326 522403 552993 560718 569495 576450 609593 615644 637786 638462 638688 638759 650300 674508 708568 718633 729358 732371 747644 775084 816576 816642 822562 847188 869583 918041 922188 923239 927972 934192 939665 941285 958791 982676 992424 1105263 1131674 1150761 1158442 1166675 1168191 1176575 1180449 1186340 1202529 1212542 1213388 1225304 1244751 1266978 1281307 1300436 1301849 1301875 1306120 1319530 1320439 1337114 1337366 1339641 1341339 1348152 1353078 1365312 1366914 1375144 1402764 1411097 1439732 1442255 1444655 1458924 1475949 1487390 1511018 1556853 1558172 1566990 1568064 1568094 1576572 1578839 1600719 1608991 1660971 1702575 1703085 1704136 1704588 1704814 1714301 1735159 1774653 1775854 1782524 1782543 1800273 1825771 1834895 1834903 1838460 1865175 1873102 1873517 1873632 1873943 1880014 1925153 1979912 1989091 1996004 2015413 2028580 2032123 2032928 2050263 2056825 2066770 6 1 1465 
yeung 1 8 949005 949044 1609954 1854622 1854793 1855017 1859146 1859743 
yevgeni 1 4 1131549 1639838 1640612 1640626 
yevgeniya 1 1 1641670 
yevgrashina 1 4 207495 210984 211177 211207 
yevtushenko 1 1 1640627 
yew 1 6 627686 871235 871287 871332 1415317 1755217 
yezerski 1 1 1215211 
yezhov 1 1 269937 
yezik 1 1 1410526 
yfile 1 2 1252658 1252668 
ygarchiv 1 1 1132697 
yhoo 1 9 2020859 2020866 2056295 2060885 2062083 2063629 2064188 2065869 2066130 8 2 3179 3186 
yhoo8 1 2 2063560 2063600 
yi 1 9 138282 140895 507896 762270 791499 1055000 1409016 1411661 1978804 
yianni 1 1 51681 
yiannopoulo 1 1 1568478 
yich 1 1 1436751 
yiddish 1 1 645598 
yield 1 92 881 41487 41546 43538 44818 44879 48057 50184 50728 101781 142257 147182 152196 160359 166295 181336 182450 207599 207616 266786 267100 302696 349983 354127 355124 360011 382270 403746 418834 451652 503242 510032 510059 535491 540308 549778 553414 562569 601615 627151 628041 637644 664093 704982 706211 706584 706674 748515 751168 810257 904691 913254 952534 955433 1073364 1112132 1119761 1208078 1219176 1289301 1299492 1313851 1330072 1330516 1381704 1389916 1453146 1482832 1491961 1543126 1543140 1579177 1580452 1582633 1586730 1634760 1728111 1728134 1728521 1761379 1782429 1782553 1811039 1874773 1874791 1912261 1925821 1993137 2000050 2036748 2036798 2038280 6 1 5499 
yike 1 30 508167 508194 508427 508475 508954 604864 604908 604956 604982 605005 605059 605095 605155 605202 605235 605266 605315 605364 605412 605490 605526 605557 605587 605643 605678 605708 605777 605808 776883 2036006 
yikun 1 2 605370 605406 
yildiz 1 1 1035646 
yili 1 1 859571 
yime 1 1 1793587 
yin 1 5 1393226 1411065 1701971 2066798 2069750 
ying 1 5 113627 116919 120211 123502 1793586 
yinzminz 1 2 1408849 1410546 
yippi 1 1 1069578 
yiqi 1 1 2022803 
yishai 1 1 54642 
yishan 1 1 699621 
yixian 1 3 1435096 1435100 1435115 
ylan 1 1 580400 
yle 1 2 874224 874231 
ylee 1 2 1792813 1792814 
ylt 1 3 155737 1076905 1115673 
ym 1 2 270471 1259892 
ymd 1 1 203994 
ymsg 1 1 141426 
ymsgr 1 2 712933 2030560 
yndx 1 2 2066224 2067989 
yo 1 3 1636748 1636917 1647194 
yoav 1 1 423133 
yockei 1 1 948338 
yodao 1 1 1069557 
yodel 1 1 2061756 
yoder 1 4 716206 716367 725833 728045 
yoga 1 1 208185 
yogyakarta 1 3 869387 873445 873624 
yogyakartaprincipl 1 1 873628 
yoichiro 1 1 1961841 
yoix 1 1 521592 
yoke 1 1 1627109 
yokoi 1 2 1233886 1234330 
yolasit 1 2 801539 801543 
yolink 1 1 1070627 
yoneda 1 1 267259 
yonelina 1 3 1582801 1582923 1584006 
yonezawa 1 2 1084088 1084341 
yong 1 3 605009 605278 1326515 
yonggang 1 2 1702025 1702057 
yongtu 1 1 1431928 
yoo 1 1 239942 
yoon 1 1 1864385 
yooter 1 4 798074 800836 800839 800842 
yor 4 1 2900 
yoram 1 3 559676 1205876 1792760 
yorick 1 1 917848 
york 1 1090 741 748 3106 3156 3856 4023 7053 7131 7150 9342 9521 9614 9817 10238 10423 10456 11298 12256 12423 15453 15531 15550 17742 17921 18014 18217 18638 18823 18856 19698 20907 25502 37772 37921 38057 38338 38500 41153 52827 53157 53463 53518 53586 54264 54586 54830 54867 55201 56676 56787 57833 58048 60001 60057 60122 60620 60820 63383 68339 68401 68735 69240 69454 69841 69983 70143 72266 72309 72454 72595 72942 77966 78978 78988 88148 89302 89310 92402 92452 92504 92679 92698 92747 92805 92848 92885 92907 92955 93306 93419 93557 93671 93706 97215 97248 106729 107081 107706 108041 108114 108226 113602 116894 120186 123477 124103 124905 125083 125191 125305 125585 125621 125724 125954 126012 126426 126432 126450 128719 140435 144221 144253 153332 157921 157973 173324 174063 174165 189734 189794 189878 189927 191848 198694 198725 202703 202706 202787 203017 203092 203110 203116 203482 203519 204205 204264 205046 205104 205832 208997 209190 209303 209437 209934 210208 210779 211805 219108 224741 226377 229447 230144 230223 239120 239214 242888 242953 243170 243337 243553 243623 243835 243907 245875 245883 245899 245902 245925 245987 253658 253861 263092 268569 273033 273587 273714 275206 275255 276063 276081 281650 289190 289540 289570 289591 289704 289724 289854 289876 289921 289944 290283 290393 290435 290500 290662 295069 318603 323311 323721 332457 345303 345963 350597 350696 357253 357307 357433 357488 363196 363556 363558 393432 393439 393876 394362 394451 394595 395492 406843 435056 442337 442644 445513 445518 450151 450169 450322 450366 450691 450704 462376 462394 462427 463911 465049 465096 465222 468121 468232 468397 468708 470683 470696 471577 471598 479662 507388 507393 507498 507722 507851 507879 521935 540997 541047 557086 559237 559702 559719 561677 577103 577107 577288 577292 578152 578520 578524 578971 578975 579169 579173 579486 579490 579849 580688 580742 581528 582046 582050 582337 583611 583615 584181 584185 584261 584265 584856 585128 585246 585954 586607 587068 590591 590678 590687 590736 614035 618007 621796 622215 624160 624717 629272 633254 633288 635737 642635 642994 643239 644911 645119 645217 645256 649513 649516 650126 650129 656428 669058 669092 669221 671293 671380 672431 677330 685244 685255 685383 685967 687130 693228 693441 693554 693631 693687 693734 693800 693878 693943 694274 694360 694401 694525 694711 695155 695396 695432 695895 696258 696325 696970 697040 697530 697835 698413 698676 699467 699494 701020 701044 707522 713920 714147 715143 716571 717301 718431 718493 718608 719265 720220 720517 720579 720974 721038 721687 725906 725930 726002 726247 726266 726520 726655 727430 728142 728209 728470 728475 728518 728979 729021 733534 733536 733743 745060 745265 750232 752008 752066 752180 752205 759754 760543 760590 760643 760694 760772 760822 760905 761044 761157 761203 761249 761297 761343 761403 761629 761770 761861 761913 762022 762067 762136 762592 762622 762674 763712 776255 776259 776617 777368 777487 779836 779842 782398 784851 785140 787487 787532 787664 789428 790457 790738 791087 791090 791093 792448 793109 793792 794022 794384 794949 794953 795029 795621 795651 800409 800456 808884 810388 813239 813778 824422 824446 824575 840298 840301 844890 845053 845165 851285 851637 851661 851850 851864 852479 852965 853020 855594 859968 862911 866579 866609 869426 872082 872452 872862 873264 873730 874784 875076 875145 875258 878409 878831 878849 878948 879502 879519 879833 879967 879972 880661 880726 880975 881356 881966 881968 884822 884873 884889 884920 885739 885836 886036 887203 887206 887281 887397 887415 892300 892322 897861 901338 902145 902570 902571 910205 910531 916482 922146 922165 924130 924221 924375 924559 924584 924621 925956 928518 933321 940080 940247 940330 940408 940562 943553 948531 948622 948913 948930 948939 948960 948972 949064 949069 949091 949096 949111 949177 949195 951963 952248 953993 954030 954516 954732 957166 962173 967870 968327 968934 969438 969513 969537 969640 969690 969799 971809 985039 985088 986425 986666 987488 990755 990794 993806 1025439 1028017 1028304 1028623 1029356 1029636 1029688 1041343 1044544 1051287 1051429 1058524 1074500 1079089 1079141 1087257 1087363 1088667 1092952 1098161 1099510 1100078 1100169 1100190 1100680 1100710 1100740 1100769 1101067 1101089 1102422 1102547 1102576 1102611 1102640 1102672 1102725 1103880 1104749 1104810 1104891 1105034 1105593 1106455 1106539 1106757 1107281 1107927 1113268 1117857 1117909 1121665 1123197 1123284 1129782 1134003 1134007 1138455 1143664 1145008 1145576 1145667 1145688 1146178 1146208 1146238 1146267 1146565 1146587 1147920 1148045 1148074 1148109 1148138 1148170 1148223 1149378 1150247 1150308 1150389 1150532 1151091 1151953 1152037 1152255 1152779 1153425 1160492 1160555 1160737 1169209 1181555 1185721 1187412 1196879 1205118 1205329 1215747 1226584 1227022 1228025 1228063 1236030 1236049 1239259 1242598 1247606 1247912 1248002 1249121 1252511 1252659 1253315 1256721 1271647 1276408 1279685 1280015 1282712 1283128 1283177 1283773 1290392 1292845 1294599 1296027 1296815 1296944 1297101 1305415 1314530 1314544 1314614 1315978 1325895 1326702 1327020 1327136 1327204 1327302 1333216 1333683 1340768 1349677 1354602 1374677 1374696 1378466 1401866 1402077 1423974 1426515 1426763 1426789 1427334 1427565 1428195 1428291 1429057 1429073 1429088 1429295 1429397 1430002 1430456 1430836 1430854 1430858 1430893 1434913 1435075 1436109 1436646 1457464 1457480 1472039 1472080 1472900 1473352 1475913 1476377 1476455 1476538 1479476 1486995 1487045 1487061 1487077 1487588 1487630 1493871 1493880 1495177 1495184 1496102 1502793 1502883 1502942 1503565 1503783 1509984 1510074 1510076 1524391 1529480 1529737 1530101 1530201 1530215 1531492 1532388 1532602 1532607 1532764 1533052 1533099 1534088 1534098 1534139 1534264 1534304 1534571 1535083 1535136 1551027 1551137 1554337 1559098 1560449 1560486 1561001 1567199 1567471 1567573 1567702 1568152 1572084 1572454 1572759 1573201 1579531 1584058 1584123 1584208 1584356 1594847 1594885 1594954 1594993 1598765 1602277 1604247 1604516 1604535 1604699 1604728 1604806 1605059 1614438 1614943 1622031 1622100 1643659 1644807 1645114 1645139 1645224 1646347 1647173 1659525 1672083 1676001 1676018 1676030 1676082 1676219 1676231 1676279 1677715 1677732 1677937 1678806 1679004 1681002 1688694 1689020 1691582 1693323 1695901 1696188 1696507 1697240 1699077 1716218 1721170 1721950 1722069 1747958 1748665 1748693 1748911 1754106 1754195 1766448 1766787 1766839 1784144 1784260 1784280 1784369 1784901 1785080 1789293 1789515 1792434 1793348 1794370 1794407 1794731 1794922 1796357 1796660 1796662 1796883 1796885 1796925 1796936 1796939 1796957 1796959 1797110 1799124 1799218 1803475 1805495 1805801 1805976 1806316 1807365 1807447 1807729 1807989 1808236 1808480 1808556 1808642 1808704 1808773 1808851 1809316 1809391 1809560 1809609 1810194 1810346 1811404 1811484 1811911 1812378 1812472 1812514 1812605 1812790 1812871 1812931 1813092 1813179 1813582 1813678 1813763 1813901 1814043 1814442 1814531 1814556 1814670 1814737 1814771 1814839 1815471 1815552 1815833 1815879 1815894 1816007 1816028 1816151 1816222 1816248 1816301 1816328 1816589 1816982 1827008 1827699 1828824 1829831 1830013 1830098 1840531 1844783 1851251 1851338 1851375 1851379 1852259 1852463 1854034 1854279 1855837 1856713 1856927 1857241 1857304 1858480 1858784 1859485 1867880 1867902 1870752 1870847 1876723 1878760 1881335 1883495 1887892 1887951 1888563 1888589 1888807 1900572 1900662 1900749 1901221 1901249 1901407 1915395 1917058 1917305 1917471 1917504 1917755 1918073 1918200 1918554 1919240 1919395 1921580 1921868 1922171 1923408 1923622 1926005 1927729 1936951 1937454 1937500 1951959 1954964 1957837 1958070 1958470 1958487 1958557 1958570 1958581 1959022 1959829 1960041 1960283 1966275 1973732 1973757 1973912 1973924 1974824 1975039 1983304 1983342 2015085 2030874 2032233 2035956 2038228 2057447 2061232 2061577 2061610 2061614 2061643 2063091 2068786 3 4 3379 7161 7492 7603 
yorker 1 3 70175 124901 126429 
yorkshir 1 12 1018791 1018933 1019510 1460315 1460333 1460523 1460916 1902244 1902497 1902500 1902507 1902517 
yorktown 1 1 1983511 
yorku 1 2 1252666 1588515 
yoruba 1 1 1374297 
yosef 1 1 618247 
yosemit 1 1 209840 
yoshida 1 2 69389 72395 
yoshio 1 1 880990 
yoshua 1 3 102926 1121367 1315004 
yoskovitz 1 3 219063 672075 1123979 
yossef 1 3 1059832 1060695 1061190 
yotov 1 1 268122 
you 1 696 3323 9064 9128 17464 17528 20925 25916 29519 30239 32013 33648 37849 40808 42176 43463 54748 55210 55687 61603 65035 67773 67785 67873 71176 71200 71943 72672 81720 81734 82194 101865 106746 107309 107331 107766 107781 126087 126116 131607 131620 132249 133893 133905 134483 134495 134511 138497 138525 138539 142000 142034 148110 148971 148978 149045 149055 149072 149082 156390 157522 157892 163889 163945 169825 169881 183439 201721 209792 214811 214935 217571 217580 217747 219667 219693 219940 283750 289662 290774 290816 299481 299589 300126 309156 313449 361605 361610 361618 361628 361634 361639 361643 362189 362209 362680 363774 366365 369643 372237 375107 386773 407963 407979 415062 426443 426697 428467 428668 428681 429864 429890 430168 430263 443464 468485 469022 469187 473364 473379 473410 474073 474084 474269 474496 474504 475092 475330 475666 475794 475813 475825 475852 475864 475874 475885 475906 475923 475943 476032 476145 480246 480253 481153 481227 484061 497504 497621 497741 497749 497777 497786 508709 541640 541659 553781 553797 553834 564412 569695 570331 573441 573448 574019 574045 574682 574710 591442 591484 591852 591965 600970 600988 600999 601315 601324 612601 613514 614403 616858 618476 622100 629846 629859 629864 630088 631241 641696 642795 645115 645521 671406 671414 672574 674596 676639 677580 678006 682910 683027 683147 683155 683183 683192 685006 685316 692387 692397 692808 693972 696255 697425 697494 698948 699400 709021 713183 713185 713309 713313 714143 714331 714567 714569 714633 714637 714772 714907 722512 722525 727534 730601 730643 730700 730942 732543 740072 743678 743761 743838 744295 745194 751066 751078 762705 780312 784747 786897 786904 788199 790957 790968 794227 798382 798649 799576 799821 799823 800782 800805 801868 802050 804365 806509 806526 809009 811229 811239 811274 812436 812449 814888 815291 815354 815367 816246 816347 816357 816383 816413 816460 816493 816499 816621 816623 816638 824854 824875 826679 836171 838095 838099 838173 838177 838267 838271 853163 853881 876762 877385 878129 879367 899624 899639 904515 904520 904554 910926 912324 913450 923126 924846 925199 935927 944957 952520 967800 968335 971365 976135 976155 986487 989783 1001710 1005583 1005598 1006665 1012271 1013496 1016563 1016569 1016575 1016597 1017545 1018513 1022374 1027957 1028267 1028285 1029289 1030610 1034642 1044415 1045944 1045957 1046041 1046119 1046135 1046142 1046171 1046176 1046182 1046194 1077558 1078690 1079060 1080547 1080559 1080568 1080573 1081247 1081465 1088044 1089168 1099481 1103368 1105839 1105858 1116326 1117458 1117828 1123310 1123318 1124550 1127828 1127833 1127838 1129952 1131363 1133894 1144979 1148866 1151337 1151356 1169835 1184496 1185293 1186147 1189107 1199405 1199409 1199413 1209126 1211396 1212774 1212779 1213721 1213724 1224171 1225851 1226031 1229887 1234709 1234742 1234758 1234799 1245056 1252723 1254398 1256817 1258635 1268197 1269895 1274656 1286357 1286781 1291273 1291296 1292453 1292458 1292659 1294822 1299017 1299024 1304302 1304309 1313943 1315266 1316602 1330003 1330015 1330032 1330043 1330048 1330084 1330103 1339764 1339770 1339910 1342482 1345372 1371981 1372971 1373154 1373157 1373164 1373220 1378954 1383676 1392725 1394961 1403165 1407722 1407750 1408889 1410557 1441094 1441097 1445972 1458584 1462120 1479306 1479329 1486669 1497306 1499812 1499821 1516467 1534362 1534386 1534403 1536575 1546836 1546842 1547909 1555573 1555578 1560754 1562670 1562685 1564175 1564194 1567831 1574472 1576363 1576384 1590876 1590884 1590896 1591948 1591972 1591988 1592007 1596242 1601057 1605085 1614903 1616493 1616975 1618330 1618812 1622820 1623609 1623620 1654887 1658257 1659676 1659698 1661623 1662374 1680122 1680127 1680998 1681024 1681220 1682570 1684211 1684213 1689256 1691748 1691785 1691832 1691878 1695841 1696151 1696169 1697173 1699294 1704002 1704037 1717868 1717944 1717981 1717990 1718003 1718060 1718261 1718394 1719859 1719869 1719893 1719924 1719935 1719940 1719950 1720115 1725177 1726351 1728344 1746654 1749364 1749925 1749945 1758133 1764828 1770158 1772430 1778850 1778866 1778870 1778885 1778891 1778916 1778936 1778985 1779005 1779122 1779142 1779464 1785116 1785247 1785380 1785405 1785673 1787209 1803619 1803622 1806192 1809221 1810938 1810957 1816408 1825375 1825390 1825397 1825408 1825417 1825429 1825439 1827297 1827313 1828142 1828908 1828914 1828926 1828932 1838594 1838613 1851795 1851827 1860973 1869406 1869425 1869788 1870231 1870794 1870796 1876546 1876651 1878011 1880168 1880373 1882065 1886957 1888583 1888602 1892336 1905399 1912425 1915616 1915643 1920082 1921961 1922210 1940797 1940811 1940839 1940846 1940868 1940929 1940985 1940994 1941051 1941076 1941083 1941925 1942013 1944150 1946909 1957954 1964037 1964944 1965415 1966644 1966839 1966871 1967032 1967120 1967245 1967249 1967469 1967595 1967932 1968439 1969186 1969447 1970748 1971458 1971463 1971484 1971486 1980148 1984400 2001868 2003065 2004154 2004163 2004184 2006257 2012778 2019740 2021357 2027552 2032662 2032682 2037977 2044559 2049082 2049104 2049432 2049438 2054091 2056714 2058119 2058740 2059079 2059408 2059482 2059625 2061572 2061607 2066200 2069367 2070350 2070418 2070689 2070711 3 6 677 1065 5363 5761 6397 6807 8 2 2076 3660 10 1 106 
youa 1 4 137595 138002 140316 140887 
youdao 1 1 139153 
youden 1 3 24753 1581104 1710990 
yougov 1 3 1127179 1132686 1132693 
young 1 101 29701 38585 58469 112614 115906 119198 122489 189896 204309 208648 208679 270916 271031 287007 287184 289431 323503 331399 350827 350846 393466 411795 492044 492065 510503 517486 517507 615188 621404 622888 623583 659632 671102 672112 679662 680322 691429 691506 691522 692447 726332 787273 888271 902005 962417 962437 962456 981804 982205 985696 986580 991765 1013395 1014822 1015053 1016413 1123006 1124016 1128399 1186342 1199963 1201694 1262017 1297252 1297260 1297281 1326414 1333521 1374068 1425457 1428219 1434885 1434933 1487706 1495448 1495516 1525039 1530135 1592232 1677895 1679432 1679440 1679461 1704163 1724139 1724255 1736753 1749163 1770028 1778010 1805131 1873765 1873898 1874187 1874193 1874589 1880740 1882078 1890280 1954915 2060222 
younger 1 27 72087 228841 238230 251157 282542 282732 691553 691590 693340 693360 978136 983876 1012403 1014182 1014219 1173198 1201917 1303494 1412273 1421769 1421824 1451833 1460260 1502122 1525015 1873801 1943021 
youngest 1 5 490893 516335 1006877 1181430 1922438 
youngstown 1 1 263542 
youniversitytv 1 2 1105847 1151345 
younoodl 1 2 630272 630276 
youo 3 3 4838 7851 7867 
your 1 320 6710 11222 11237 15110 19622 19637 31146 32000 32027 37970 38005 38096 38142 79184 126093 126122 132143 144035 144247 144587 148974 148999 149135 153048 153060 153077 153089 156371 156414 163876 163903 169812 169839 174562 182737 182749 206782 206796 214940 217448 240894 251606 275365 275381 290781 290803 290830 299479 300385 306247 306967 320584 327956 329071 329108 329438 329524 335403 366352 366379 370218 372224 372251 375094 375121 384349 415049 415076 445076 445827 445844 468472 468499 469903 469980 474112 475638 476279 476290 476297 476357 476367 476401 476411 476481 479564 480257 498400 519612 521931 553789 553809 554576 564399 564426 591457 592680 592701 600993 601021 601334 619445 629855 636949 636980 672741 672772 676704 677301 680335 683806 685320 694981 695127 695362 695376 699387 699414 709029 712474 713215 714164 714183 714422 714537 714874 727521 727548 730964 740059 740086 760002 780218 780464 780946 793466 794079 798638 799590 805984 806511 806528 806985 806999 809012 811186 811208 811215 811232 811254 811423 812685 812987 813269 813551 813588 813609 815303 815323 815369 816270 816502 853330 853361 879354 879381 884499 923129 924800 924832 954307 954348 967791 967798 967804 967808 976030 986495 1006628 1029276 1029303 1046108 1046123 1046145 1061391 1074216 1074228 1074245 1074257 1077539 1077582 1105681 1112984 1112996 1113013 1113025 1116307 1116350 1125071 1133970 1151179 1185481 1208289 1212787 1225803 1226047 1226497 1232978 1233162 1233242 1233255 1233273 1234194 1235148 1252467 1252727 1252754 1252757 1254385 1254412 1283139 1286783 1315253 1315280 1330051 1349542 1354467 1360676 1370695 1371093 1371110 1371257 1394033 1403152 1403179 1408876 1408903 1441023 1458613 1461815 1486462 1496541 1502511 1503379 1503399 1510144 1523494 1538924 1547492 1547913 1568427 1572927 1603796 1614074 1681017 1681036 1681039 1682573 1682585 1690066 1697160 1697187 1717950 1717958 1717987 1722512 1722515 1722558 1722563 1722680 1722725 1723247 1746514 1755192 1764838 1764853 1778878 1778889 1778906 1811504 1816395 1816422 1825425 1827899 1828371 1829795 1849797 1851797 1922197 1922224 1926321 1935979 1941043 1942285 1950810 1964948 1967872 1983587 1993265 2000178 2001871 2001883 2003068 2003080 2004146 2004157 2004190 2007696 2011270 2022763 2037598 2037619 2037911 2038237 2038942 2045054 2045701 2045733 2060938 2065186 3 8 414 418 421 424 433 674 5758 6338 6 1 5625 7 1 616 
yourappid 1 3 153106 1074274 1113042 
yourdon 1 15 407253 489968 514800 733427 1216198 1341957 1350095 1355020 1382710 1520470 1602685 1729803 1732792 1737350 1749745 
yourganov 1 1 1121221 
yourk 1 1 582283 
yourmonei 1 3 1028027 1226594 1695911 
youropenbook 1 2 697499 697505 
yourself 1 5 38496 339703 1132671 1783554 1784382 
yousefi 1 3 798898 801142 801161 
yousof 1 1 202985 
youssef 1 1 1041332 
youth 1 21 39262 50444 259338 273905 447360 447402 622919 692480 692485 692494 698740 860329 986552 1129069 1423855 1425487 1425689 1453563 1530147 1612330 1612457 
youtub 1 79 78146 212090 225320 225322 225325 269120 274193 306623 434434 476858 697741 697758 781150 781518 782977 783304 783331 783336 783361 783414 787035 791044 791472 791487 791504 791519 794991 796005 796256 802244 803792 807336 808561 812636 813163 814713 901748 914501 914508 968672 968692 1029373 1051646 1051855 1051956 1069943 1086518 1134290 1134326 1134329 1134357 1134360 1268179 1286339 1394261 1533683 1533697 1613871 1613876 1614101 1614104 1616920 1618757 1679248 1697257 1870934 1870940 1921541 1921546 1960338 1967186 1967797 1968895 2014838 2022040 2037478 2037482 2062809 2062824 3 3 1127 3495 5772 
youview 1 1 1904125 
youvil 1 1 1255009 
yovisto 1 1 1968800 
ypf 1 1 213316 
ypre 1 1 1172880 
yqhnrjhdlq8yctj2 1 1 707720 
yqian 1 1 1431910 
yql 1 4 472806 1258914 1670661 2017113 
yr 1 1 207817 
yro 1 1 1431046 3 1 8169 
yrpt 1 2 1098848 1144346 
ys 1 1 1387122 
ysearchblog 1 4 1617176 1619013 2065885 2065889 
ystemat 1 2 1348077 1353003 
ytkow 1 1 515405 
ytw03085usen 1 2 1663327 1663328 
yu 1 24 113226 116518 119810 123101 147133 147169 147226 147527 605849 699613 787037 967672 1323653 1427961 1435363 1706930 1707141 1777217 1777223 1777400 1789275 1978807 1978840 2007759 
yuan 1 25 137524 562815 714487 810099 1325710 1409250 1411733 1411746 1411787 1412737 1412850 1412875 1412915 1415810 1417121 1418388 1419850 1423374 1429447 1430106 1432504 1560554 1961076 1961448 2021439 8 1 3742 
yuanhua 1 3 1042366 1054989 1596159 
yuanyuan 1 1 605325 
yuanzhang 1 1 1411784 
yucatec 1 1 1374147 
yucca 1 1 78887 
yucong 1 1 1290528 
yudelson 1 2 1349717 1354642 
yudof 1 2 1930891 1936731 
yudong 1 1 507894 
yudovich 1 3 279873 279921 287783 
yue 1 4 136172 1410352 1410453 1422608 
yugoslav 1 1 1649899 
yugoslavia 1 8 222794 222808 223385 658908 667084 864588 1134671 1437663 
yuhan 1 1 552755 
yui 3 1 1586 
yukawa 1 2 367045 1295852 
yukihiro 1 1 1546304 
yukon 1 1 1231786 
yule 1 5 1585335 1585351 1588401 1588429 1753903 
yulin 1 1 603447 
yum 1 1 696717 
yummli 1 16 1069735 1708694 2018023 2070429 2070463 2070484 2070486 2070533 2070545 2070566 2070601 2070624 2070626 2070636 2070654 2070700 8 1 374 
yun 1 2 1978808 1978845 
yunmei 1 1 417547 
yunnan 1 3 1413370 1415342 1416488 
yunu 1 1 928309 
yupi 1 6 158735 1079903 1118671 1230450 1257244 1477266 
yuqie2lukdm 1 1 1134333 
yur 1 1 650215 
yuri 1 11 53166 53597 340578 1159209 1560621 1560655 1629891 1630205 1636541 1642133 1869986 
yusupov 1 5 292288 295602 296622 300015 300158 
yuuguu 5 1 1311 
yuval 1 1 2045112 
yuyb043111x0nqe1ghoskh4atmy32jvn 1 1 806269 
yve 1 11 184042 184045 667787 752344 913634 1121591 1348980 1353905 1535022 1896759 1929211 
yvon 1 1 1832851 
yvonn 1 2 860087 860115 
ywbw 1 1 389628 
yxxw90d9aumc 1 1 63366 
yy 1 1 807646 
yyyi 1 7 225045 763769 1409261 1409265 1625366 1667777 1802319 
yz 1 1 1259950 
yzlddhwk3isc 1 1 884341 
z 1 211 28156 52248 52254 52683 52685 78863 102466 102646 141030 141803 176315 176318 176407 176409 176413 176414 176463 176466 176471 176474 176492 176496 176551 176555 177543 177544 180735 180739 220570 220599 220688 264991 265010 266676 287944 312531 313122 325491 330945 334289 375508 375530 375557 384452 386669 430037 451628 456105 456143 456151 456455 456487 462713 463487 463649 463652 463980 464020 464057 466060 472070 487436 488027 488843 584568 668914 668929 668946 668995 669119 669231 669504 679147 711323 711337 731153 731726 732627 732889 752341 761941 770590 772358 772361 781899 789947 796696 840493 845361 894004 899659 902102 908669 955002 1004527 1043933 1051291 1054817 1055270 1060699 1061194 1065210 1065649 1096587 1142090 1196512 1220258 1231085 1259329 1259342 1259371 1259408 1260264 1266296 1334552 1334571 1334578 1334595 1334683 1336997 1361242 1361249 1363136 1363149 1380468 1428024 1428045 1464561 1464580 1464597 1464648 1464686 1465060 1465125 1465215 1466094 1466121 1466131 1466148 1466686 1466749 1466775 1466783 1483957 1483962 1503334 1511505 1511507 1517277 1517534 1517595 1518130 1523849 1523950 1536975 1549448 1562787 1562790 1570857 1570858 1570898 1570967 1570971 1570995 1570997 1571009 1579874 1582452 1582456 1582475 1582689 1582747 1582750 1582785 1589392 1594920 1603750 1622524 1648459 1653412 1653415 1687158 1732148 1751755 1753575 1754498 1761054 1762062 1773196 1778201 1779669 1784554 1854051 1856833 1856890 1861982 1892081 1922158 1929740 2005832 2005838 2005883 2007913 2013738 2026304 2026306 2036271 2044873 2044886 2064294 2071376 
z3 1 3 207966 941504 1515380 
z39 1 71 325628 429396 595144 595844 595861 709249 729798 910711 1081410 1185411 1212704 1216967 1265102 1293011 1345334 1355682 1355821 1681915 1684099 1689200 1699238 1709171 1723389 1758095 1978964 1994488 2001401 2006202 2014184 2021871 2022956 2026497 2029063 2029075 2029129 2029271 2029276 2029305 2029394 2029476 2029951 2030174 2030207 2030438 2070722 2070755 2070778 2070794 2070825 2070831 2070863 2070933 2070961 2071004 2071142 2071158 2071188 2071211 2071269 2071305 2071362 2071366 2071380 2071384 2071396 2071400 2071412 2071416 2071420 2071424 2071522 6 1 6838 8 1 4171 
za 1 27 92837 93829 223228 697324 979760 979836 1065394 1065771 1065848 1066012 1066165 1066270 1066312 1066337 1066358 1066500 1066629 1066735 1066803 1066953 1068301 1531145 1531148 1531153 1531168 1531176 1531257 
zabarenko 1 1 579936 
zabasearch 1 1 1069873 
zabel 1 2 1777251 1777784 
zac 1 2 1356048 2027403 4 1 2380 
zachari 1 54 9328 17728 693718 1099857 1106807 1145355 1152305 1796216 1958636 1958642 1958647 1958662 1958673 1958679 1958692 1958798 1958804 1958812 1958821 1958827 1958832 1958837 1958848 1958856 1958866 1958877 1958882 1958887 1958900 1958906 1958947 1958975 1958981 1959082 1959094 1959099 1959137 1959190 1959243 1959335 1959390 1959396 1959401 1959441 1959453 1959459 1959470 1959476 1959482 1959490 1959501 1959506 1959635 1960269 
zachman 1 1 514109 
zachri 1 1 1699102 
zack 1 9 73619 204385 205404 205412 206444 206452 207603 805960 1226190 
zadara 1 2 307090 1599188 
zadeh 1 3 144671 741238 1714891 
zadka 1 2 1547054 1548529 
zadrozni 1 2 741178 741422 
zaemi 1 2 1340897 1340901 
zag 1 1 1013553 
zagat 1 9 124483 781151 796257 802245 807337 814714 1081240 1081300 1394262 
zagraevski 1 2 1648131 1648146 
zagreb 1 2 658034 986784 
zahedi 1 1 192793 
zahir 1 1 514436 
zahl 1 1 1161289 
zahlen 1 3 1161104 1161122 1715878 
zahlentheori 1 1 1161321 
zahorian 1 1 599743 
zahrawi 1 2 1196518 1451646 
zaian 1 9 426289 426315 1017391 1017417 1068317 1334933 1661469 1661495 2007753 
zairja 1 10 130511 1036204 1084741 1293089 1350167 1355092 1566612 1896346 1962097 2038349 
zajac 1 3 373278 385433 385462 
zakar 1 1 1451624 
zakaria 1 1 1418962 
zakharov 1 1 1834615 
zaki 1 13 113120 113641 113833 116412 116933 117125 119704 120225 120417 122995 123516 123708 1220264 
zald 1 1 1196079 
zalesy 1 1 1626912 
zalta 1 3 318412 969560 1326456 
zalusciana 1 1 1531157 
zaluski 1 1 1534753 
zaluzec 1 1 77518 
zambia 1 10 194352 402311 891390 1124723 1437989 1650542 1850601 1852827 1883978 2046625 
zambrano 1 4 880949 886612 1024377 1670920 
zamecnik 1 1 1960919 
zamir 1 1 255316 
zampa 1 1 1387110 
zamyatin 1 2 1131550 1640613 
zanasi 1 2 508918 1867432 
zander 1 1 468353 
zane 1 1 263545 
zanger 1 2 188665 190315 
zanghi 1 1 241003 
zangwen 1 1 1410506 
zaniolo 1 4 113096 116388 119680 122971 
zap 1 2 20795 1256609 
zaphyr 1 1 332904 
zapiski 1 1 357396 
zaporozhian 1 1 1627919 
zapp 1 2 646218 646238 
zappo 1 2 1625 2281 
zar 1 7 877774 1755272 1757017 1757539 1757568 1757569 1757587 
zarafa 1 1 1450154 
zarafat 1 1 451633 
zaragoza 1 10 1054810 1093606 1139109 1505732 1855828 1856704 1857232 1858471 1858775 1859476 
zarat 1 1 1235948 
zaraysk 1 1 1633152 
zare 1 3 1232392 1258716 1961071 
zariski 1 1 1961508 
zarl 1 1 463640 
zaroetal06 1 1 1047196 
zaroliagi 1 1 325267 
zaromb 1 1 1047175 
zarrow 1 1 1427778 
zarski 1 2 1507916 1510139 
zaslavski 1 1 1559466 
zaslow 1 1 1284208 
zatara 1 1 73952 
zatocod 1 2 226712 227015 
zator 1 3 226716 226984 928242 
zatrikion 1 1 281831 
zattoo 1 1 1904126 
zaval 1 1 874188 
zavales4 1 1 874212 
zawinski 1 3 1300331 1305632 1360813 
zawiyat 1 1 978757 
zawodni 1 4 1394877 1394887 1691913 1691923 
zawraa 1 1 1847574 
zaz 1 1 206364 
zb 1 1 223242 
zbd 1 1 1472808 
zbekcha 4 1 2865 8 1 4434 9 1 2231 
zbigniew 1 3 668797 752696 752891 
zbl 1 6 128906 128934 128956 128984 268888 357468 
zch 1 1 1426574 
zcube 1 1 1760783 
zd 1 2 223260 1751370 
zdarzi 1 1 270457 
zdmg 1 2 1875619 1875624 
zdnet 1 48 107570 107575 155850 155853 156479 156482 306777 695051 695097 695115 696009 696012 790307 790312 790548 790551 792210 1077018 1077021 1077647 1077650 1085615 1085621 1115786 1115789 1116415 1116418 1132672 1132679 1133455 1133459 1227962 1227968 1228283 1228303 1228834 1228837 1228866 1228869 1371033 1371039 1738984 1826872 1826876 1881930 1881933 1896284 1969397 3 1 7122 
ze 1 1 223272 
zeal 1 3 1085202 1356970 1360172 
zealand 1 55 36128 37813 92236 126335 126338 197316 223835 274154 327068 402672 510564 660335 672647 690806 799257 853236 891751 899373 971757 1069616 1195179 1278738 1285225 1285377 1285566 1331113 1417003 1437551 1437583 1437925 1438108 1452176 1495467 1495535 1569954 1572396 1650058 1650107 1650478 1850962 1853188 1884339 1971927 2011419 2011615 2011619 2027653 2027694 2028472 2028678 2028959 2041579 2046986 2060494 2060507 7 3 791 985 989 
zealandia 1 2 666492 666535 
zebra 1 1 1622459 
zed 1 1 1547512 
zedong 1 4 1413317 1413383 1419166 1420487 
zee 1 3 208266 285151 1007015 
zef 1 3 184185 186843 1531166 
zehner 1 1 271287 
zehr 1 1 2228 
zeidler 1 1 1169077 
zeigarnik 1 1 1204679 
zeilei 1 1 1572999 
zeinal 1 1 1650823 
zeinalipour 1 2 1994196 2001109 6 1 6548 
zeindler 1 1 1184011 
zeiss 1 7 645665 645889 645932 645956 646276 646492 646615 
zeit 1 4 1282908 1282921 1297186 1679366 
zeitschrift 1 2 1295764 1296831 
zeitung 1 2 1297196 1679376 
zeke 1 1 124486 
zelda 1 3 73346 1016690 1965936 
zelen 1 3 844836 844895 844923 
zelig 1 1 1913695 
zelinski 1 1 208015 
zeliz 1 23 1906898 1915730 1915775 1915788 1916077 1916111 1916124 1916271 1916302 1916315 1916470 1916501 1916514 1916824 1916858 1916871 1917336 1917370 1917383 1920835 1920871 1920884 1921836 
zelkowitz 1 2 739998 1518251 
zell 1 1 1054962 
zeller 1 2 800394 1480717 
zelman 1 3 715967 727914 1794927 
zemanta 1 2 1030734 1034256 
zementi 1 1 1480775 
zemin 1 1 1413862 
zemlya 1 3 1626202 1633091 1633098 
zemskaya 1 1 1502543 
zemski 1 2 1627551 1627869 
zemskov 1 1 1644486 
zen 1 5 1424384 1448905 1457645 1541346 1547282 
zencart 1 1 2004878 
zendian 1 2 1284270 1891038 
zener 1 1 1475517 
zeng 1 1 102645 
zengmu 1 1 1414665 
zenit 1 1 1641530 
zenith 1 2 74478 1628617 
zeno 1 2 1509778 1712802 
zenobank 1 2 1228581 1228587 
zenon 1 1 89603 
zentralblatt 1 5 412293 412594 1030126 1767277 1785795 
zephyr 1 1 141422 
zeptoscop 1 2 479100 479454 
zeran 1 2 11320 19720 
zermelo 1 41 187449 286056 286605 288941 288974 346788 1155964 1155989 1156016 1156031 1156111 1156138 1156143 1156256 1158028 1158035 1158154 1158352 1158394 1161926 1161967 1162015 1162667 1593852 1624972 1712586 1712614 1713000 1713110 1714083 1714098 1714119 1714865 1714957 1715221 1715723 1716071 1716989 1717086 1717096 1901908 
zernik 1 5 508004 508029 1101749 1147247 1917491 
zero 1 135 23815 23824 23858 23881 43725 45739 45743 45788 45793 51547 52205 52243 75237 75886 77485 127906 178376 286152 328684 328694 328711 328752 328897 328947 348597 377446 387684 405023 440563 451108 451541 532929 532943 555031 560912 629645 671087 676759 676761 689912 702263 702800 736002 743176 781864 782828 822788 842337 844489 844576 926968 927256 927279 945945 948001 972895 974034 974485 974507 975025 990287 1002074 1021966 1021970 1021988 1022026 1022963 1022978 1045862 1045868 1045876 1120626 1122991 1259271 1262398 1319332 1320322 1323765 1328725 1329294 1330517 1378056 1379817 1380086 1380140 1380303 1380641 1387736 1390055 1390144 1440835 1466216 1466268 1483519 1511560 1511578 1543817 1544605 1554918 1554935 1555826 1560630 1570973 1578065 1582487 1586190 1586263 1587245 1609141 1609145 1609434 1623485 1664443 1729411 1752908 1753444 1778968 1779206 1781900 1781937 1790772 1790814 1791102 1825377 1832556 1832562 1832566 1834874 1845474 1868689 1949606 1962779 1963002 1990770 1997683 6 1 3141 
zeroari 1 1 177913 
zeroc 1 1 828712 
zeroth 1 3 673760 674206 1446897 
zesig 1 4 1096448 1096582 1141951 1142085 
zeta 1 9 260306 260309 1178648 1316723 1319464 1320058 1320298 1320602 1320610 
zettair 1 1 1070144 
zetter 1 1 1827438 
zeu 1 11 651439 1372173 1372446 1373432 1373457 1373469 1373473 1373490 1373518 1373533 1373570 
zf 1 14 1006054 1006086 1156142 1156285 1158039 1158079 1158160 1160074 1714961 1714977 1715025 1715060 1715070 2063730 
zfc 1 16 1158479 1158497 1713124 1714087 1714096 1714171 1714193 1714347 1714355 1714604 1714737 1715370 1715588 1715631 1899135 1899194 
zgoda 3 3 4563 4583 7628 
zgxszzmc 1 4 1100541 1106218 1146039 1151716 
zh 1 8 1408862 1409475 1410312 1410403 1410728 1410737 1426927 1428985 
zha 1 1 599719 
zhai 1 4 1042370 1596163 1970222 1975023 
zhaleika 1 1 1638966 
zhang 1 29 309692 312584 376041 466068 484597 487489 507895 605010 605279 679137 679143 714486 751859 761940 1055088 1055369 1260263 1261854 1261860 1434598 1583985 1593381 1594919 1854525 1856046 1856828 1856895 1857176 2021438 8 1 3741 
zhao 1 19 147352 147660 147684 306747 492126 508223 517568 1050384 1260251 1393223 1427833 1427982 1594126 1594703 1594727 1855610 1856553 1857081 1858624 
zhaohui 1 2 1054995 1232402 
zhejiang 1 3 1416489 1423082 1423489 
zhen 1 3 1560555 1993775 2000688 6 1 6130 
zheng 1 13 241107 729670 1054818 1054996 1260360 1411834 1583268 1692239 1856832 1856889 1993673 2000586 2007912 6 1 6030 
zhenghan 1 1 1559485 
zhi 1 1 2059799 
zhidao 1 2 137592 140871 
zhiyu 1 1 1427963 
zhongguo 1 1 1410759 
zhonghua 1 1 1326843 
zhostovo 1 1 1649175 
zhou 1 16 772303 772432 776729 977724 1373751 1373788 1410663 1411121 1411150 1411173 1413571 1416762 1523993 1560320 1584192 1606562 
zhoukoudian 1 3 1410893 1427001 1427049 
zhq8z2maztoc 1 1 1921013 
zhtml 1 1 140067 
zhu 1 8 357523 507708 507837 507865 928462 1411783 1413865 1413881 
zhuang 1 9 1408851 1408974 1409001 1410542 1410544 1422375 1422631 1429065 1429081 
zhuangzi 1 4 95073 264822 1457888 1458084 
zhuge 1 1 540789 
zhuhai 1 1 1609948 
zhukov 1 1 1629844 
zhukovski 1 1 1636611 
zhunghua 1 2 1408829 1410509 
zi 1 9 1317477 1317489 1317506 1323376 1323551 1323682 1324835 1451627 1606551 
ziarati 1 1 751787 
ziarko 1 1 746405 
ziarul 1 1 2063723 
ziauddin 1 2 447321 450159 
zibb 1 2 20883 1256697 
zibreg 1 2 107297 793321 
zicheng 1 1 1411929 
ziconotid 1 1 627171 
zidisha 3 3 4403 4437 7614 
ziebarth 1 1 1936724 
ziegler 1 5 867169 867241 1168088 1168732 1929415 
zien 1 2 1035725 1054864 
zier 1 1 389317 
ziff 1 7 445551 791848 791883 1227476 1547743 2032084 2045555 
zig 1 1 1013552 
zigbe 1 3 2035012 2035016 2036270 
zigzag 1 9 1471231 1471240 1471436 1471441 1869889 1870682 1870691 1870931 1897136 
zil 1 1 917928 
zillow 1 1 1069887 
zimak 1 1 1772928 
ziman 1 2 1167618 1169145 
zimanyi 1 3 1717391 1717516 1717649 
zimbabw 1 10 402312 891391 1416827 1437990 1438263 1650543 1850602 1852828 1883979 2046626 
zimbra 1 1 1450153 
zimek 1 31 67909 312286 312722 312773 312824 312866 312911 313110 487191 487627 487678 487729 487771 487816 488015 648741 649111 649148 649167 649195 649227 649284 649329 649344 649396 649415 649456 1788399 1788701 1789489 1789538 
zimmer 1 1 1196861 
zimmerman 1 1 744283 
zimmermann 1 4 441018 441061 442875 1598826 
zin 1 1 1410448 
zinc 1 2 552654 646030 
zing 1 2 692929 2071187 
zinio 1 1 35010 
zinn 1 2 76189 1806548 
zinovyev 1 3 521848 1701993 1702117 
zinsstag 1 1 1929543 
zionist 1 1 871557 
zip 1 28 70340 73200 75910 380949 381474 480728 480745 773795 804977 809883 810376 810511 818390 908636 908637 944541 974538 1207665 1546961 1668164 1670143 1670156 1687125 1687126 1989559 1996472 2022275 2057959 6 1 1930 
zipcod 1 2 1207650 1769218 
zipernowski 1 5 1464605 1464640 1464996 1472737 1472923 
zipf 1 5 910275 934478 935410 1688764 1864380 
ziploc 1 2 1069670 1081267 
zipmail 1 1 2026904 
zipper 1 2 455289 603558 
zipurski 1 1 762658 
zipwith 1 1 737654 
ziqi 1 2 1410520 1410541 
ziriac 1 1 1317897 
zisc 1 1 1220417 
zisserman 1 2 417479 928547 
zithromax 1 1 1085537 
zitnick 1 1 894051 
zittrain 1 3 713671 2042992 2045665 3 2 5835 8105 
ziv 1 5 144680 949600 949617 1060696 1061191 
ziviani 1 1 1068273 
ziwcxx5jb5mc 1 1 211996 
ziyad 1 1 652762 
zlib 1 4 744578 1006311 1447393 1549848 
zlonoga 1 1 1204970 
zloof 1 1 1668981 
zmp 1 4 1605919 1609137 1609148 1609572 
zn 1 1 1251810 
znati 1 1 2035836 
znty 1 1 1613880 
zo 1 1 1751346 
zobel 1 6 910381 990733 990770 990920 1688870 1863446 
zobrist 1 1 1838811 
zodi 1 2 1104555 1150053 
zoe 1 1 695090 
zoetrop 1 1 1859988 
zofusvemjdmc 1 1 1326290 
zog 1 3 557805 877440 877501 
zoho 1 4 218708 218714 1069155 1069161 5 1 1312 
zola 1 1 1205756 
zolt 1 1 1472843 
zoltan 1 8 191056 623373 625074 1009087 1027974 1027997 1695858 1695881 
zombi 1 8 224347 225399 225411 853944 854145 1086655 1086664 2014756 
zonal 1 1 283161 
zone 1 64 38327 75630 196919 349976 350025 563408 564339 566749 581567 581600 581626 598564 650186 656315 715245 718951 718956 718960 718969 719006 719039 719053 807724 938949 1053418 1053435 1238642 1292655 1292672 1360151 1360395 1360541 1360548 1409253 1415153 1419252 1437118 1437183 1459404 1459418 1537113 1537148 1537157 1537236 1537244 1537270 1537285 1537327 1537395 1625355 1625554 1632837 1635434 1645964 1666795 1666809 1666836 1666849 1745016 1808606 1817032 1821505 1888002 1889185 
zoo 1 4 253286 357790 880963 1559398 
zooland 1 1 97284 
zoologi 1 6 164062 169998 264511 313691 367928 762860 
zoologist 1 1 759916 
zoom 1 3 227155 1070497 1949624 4 1 1537 
zoombu 1 1 780296 
zoomdata 1 1 301983 
zoominfo 1 1 1069875 
zoophobia 1 1 1972926 
zooplankton 1 1 657758 
zooppa 1 1 34992 
zope 1 2 1542360 1549665 
zorach 1 7 716064 725183 725211 725245 725272 725321 727957 
zorg 1 1 644537 
zorgloob 1 1 794928 
zoroastrian 1 1 1457667 
zorubicin 1 1 627796 
zotiqu 1 1 1255836 
zou 1 4 1584370 1584442 1584510 2055403 
zpni 1 1 1473388 
zpp 1 3 47901 354426 357817 
zr81z25z0c 1 1 89862 
zram 1 1 744340 
zroc 1 9 1582323 1582503 1582544 1582552 1582616 1582635 1582869 1582884 1582924 
zs 1 5 300501 521841 1701988 1702112 1806755 
zsa 1 1 1386805 
zsef 1 2 329487 662136 
zseri 1 1 376789 
zsl 1 2 469998 470005 
zsu 1 4 540960 1344484 1348630 1353555 
zte 1 24 11971 11992 20371 20392 141217 141238 700040 700061 796552 796883 796904 886899 886920 943727 943748 1230652 1230673 1421166 1433503 1433525 2064481 2064502 2069533 2069554 
zu 1 5 260351 260372 481981 1018316 1929439 
zuckerberg 1 30 686093 686235 686700 686761 686773 686863 686888 686944 686976 687002 687053 687101 687161 687515 688593 692725 692770 693624 693757 693775 694035 694059 694082 694142 698991 699005 699545 699559 699576 699654 
zuckerman 1 4 124974 124997 273383 1647832 
zufallsstrategi 1 1 752146 
zugzwang 1 18 281281 281405 281438 291072 292106 293179 293798 293844 294189 299924 300863 329361 1837429 1838134 1838158 1838395 1839887 1840347 
zuijdgeest 1 1 584485 
zuka 1 2 1050471 1050514 
zukertort 1 1 282711 
zukunft 1 3 213728 590876 940059 
zum 1 2 824317 1169565 
zune 1 13 158488 158573 1079656 1079741 1118424 1118509 1223923 1230203 1230288 1256997 1257082 1477019 1477104 
zung 1 2 1410354 1410455 
zunrsxnoc 1 1 1327224 
zunt 1 1 1612629 
zur 1 5 647032 1161659 1325863 1715920 1832884 
zurich 1 11 559193 559251 880727 886424 902061 1024189 1670732 1929881 1929883 1929891 1983783 
zurko 1 1 1722045 
zurl 1 3 1356577 1356588 1360088 
zurndorf 1 1 985348 
zurvan 1 1 1457668 
zuse 1 3 128305 941503 1515383 
zutt 1 1 1622498 
zvani 1 1 225030 
zvent 1 3 152082 1073250 1112018 
zvowoxdunp8c 1 1 183865 
zweig 1 2 284529 1584071 
zwinki 1 2 672362 1124266 
zwischenzug 1 4 280092 291073 300864 1840348 
zworykin 1 7 402182 891261 1636298 1852698 1883849 1961719 2046496 
zx81 1 1 40881 
zy 1 3 291862 292153 300499 
zygmund 1 1 1961568 
zygmunt 1 2 876241 1929505 
zygot 1 1 757425 
zyli 1 1 239466 
zymogenet 1 1 1522787 
zypad 1 3 1982571 1982776 1983702 
zytkow 1 2 667242 667275 
zzt 1 1 1340202 
